1;2;Football;1442095200000;0
2;2;Football;1442680200000;0
3;2;Football;1443240000000;1
4;2;Football;1443844800000;1
5;2;Football;1446264000000;1
6;2;Football;1447477200000;1
7;9;Football;1442095200000;0
8;9;Football;1442678400000;0
9;9;Football;1443240000000;1
10;9;Football;1445054400000;1
11;9;Football;1445659200000;1
12;9;Football;1446872400000;1
13;9;Football;1447477200000;1
14;10;Football;1441490400000;0
15;10;Football;1442095200000;0
16;10;Football;1443844800000;1
17;10;Football;1446264000000;1
18;10;Football;1448082000000;1
19;10;Football;1448686800000;1
20;10;The Rolling Stones;1435795200000;0